Log file created at: 2021/05/10 10:00:33
Running on machine: xyw-GL552JX
Log line format: [IWEF]mmdd hh:mm:ss.uuuuuu threadid file:line] msg
I0510 10:00:33.336155 24331 lidarParse.hpp:43] load 124243 points
I0510 10:00:33.364318 24331 lidarParse.hpp:75] 
cov: 
00.204925 00.155851 0.0699028
00.155851 00.268875 0.0565013
0.0699028 0.0565013 0.0712235
I0510 10:00:33.364404 24331 lidarParse.hpp:79] 
 cov_LLT: 
00.204925 00.155851 0.0699028
00.155851 00.268875 0.0565013
0.0699028 0.0565013 0.0712235
I0510 10:00:33.364439 24331 lidarParse.hpp:88] 
maha: 
00.316577 00.152962 0.0654895
00.152962 00.125315 0.0328955
0.0654895 0.0328955 00.103132
I0510 10:00:33.364473 24331 lidarParse.hpp:92] 
 maha_LLT: 
00.316577 00.152962 0.0654895
00.152962 00.125315 0.0328955
0.0654895 0.0328955 00.103132
